year;Action;Adult;Adventure;Animation;Biography;Comedy;Crime;Documentary;Drama;Family;Fantasy;FilmNoir;GameShow;History;Horror;Music;Musical;Mystery;News;RealityTV;Romance;SciFi;Short;Sport;TalkShow;Thriller;War;Western;Unknown;Total
1874;;;;;;;;1;;;;;;;;;;;;;;;1;;;;;;;2
1878;;;;;;;;1;;;;;;;;;;;;;;;1;;;;;;;2
1881;;;;;;;;1;;;;;;;;;;;;;;;1;;;;;;;2
1883;;;;;;;;1;;;;;;;;;;;;;;;1;;;;;;;2
1885;;;;1;;;;;;;;;;;;;;;;;;;1;;;;;;;2
1887;;;;37;;;;1;;;;;;;;;;;;;;;45;1;;;;;;84
1888;;;;;;;;3;;;;;;;;;;;;;;;5;;;;;;;8
1889;;;;;;;;1;;;;;;;;;;;;;;;2;;;;;;;3
1890;;;;;;1;;2;;1;;;;;;;;;;;;;5;;;;;;;9
1891;1;;;;;;;3;;;;;;;;;;;;;;;10;1;;;;;;15
1892;;;;3;;1;;1;;;;;;;;;;;;;1;;8;4;;;;;;18
1893;;;;;;1;;1;;;;;;;;;;;;;;;3;;;;;;;5
1894;3;;;1;;5;;29;1;;;;;;;1;;;;;1;;96;9;;;;1;;147
1895;;;;;;8;2;53;6;;;;;2;;;;;3;;;1;116;4;;;;;;195
1896;1;;;;1;39;2;576;10;2;5;;;;4;1;;;7;;1;;837;22;;;;;;1508
1897;3;;;1;;112;7;814;24;14;4;;;3;7;;;;61;;1;;1351;68;;;10;;;2480
1898;3;;1;2;;192;3;1152;34;3;11;;;1;7;;;;68;;2;1;1749;54;;;55;;17;3355
1899;;;1;2;5;200;2;1166;62;1;21;;;5;7;1;;;108;;4;;1790;155;;;35;4;3;3572
1900;1;;1;2;1;228;9;1256;66;;29;;;3;4;9;14;;9;;1;;1821;54;;;47;;6;3561
1901;2;1;;1;;162;2;1332;40;1;42;;;1;4;1;;;25;;3;;1751;93;;;34;1;1;3497
1902;2;;3;1;2;230;1;1175;33;;61;;;1;2;5;;;45;;;;1800;62;;;2;;2;3427
1903;10;;5;1;4;430;19;1644;122;9;88;;;;4;1;;;19;;8;1;2664;88;;;6;7;8;5138
1904;5;;4;2;;344;20;988;86;1;24;;;3;1;;1;;2;;2;1;1827;52;;;44;4;5;3416
1905;3;;4;1;2;367;31;917;111;5;18;;;;1;23;1;1;4;;3;1;1680;69;;;7;1;8;3258
1906;;;6;3;3;407;29;921;147;2;19;;;2;2;36;1;1;4;;5;1;1823;84;;;2;6;11;3515
1907;2;1;9;8;;734;22;775;307;5;40;;;1;4;73;1;1;;;10;1;2462;66;;4;1;19;8;4554
1908;21;1;9;21;2;1089;49;951;811;2;60;;;18;4;55;41;5;2;;28;5;4251;111;;1;13;49;16;7615
1909;6;1;14;22;8;1350;59;1070;1269;2;46;;;21;2;65;40;12;;;42;3;5318;83;;6;31;106;64;9640
1910;2;1;25;31;5;1626;66;1235;1738;5;47;;;27;6;1;51;11;4;;160;4;6297;74;;29;26;384;56;11911
1911;9;;31;15;8;1953;61;1512;2193;22;34;;;19;1;3;3;5;27;;230;4;7487;69;;29;45;515;88;14363
1912;11;;69;29;4;2571;124;975;2942;30;43;;;18;9;2;;24;144;;395;3;8127;31;;100;37;583;192;16463
1913;19;;76;125;6;2993;197;1004;3402;20;38;;;28;10;36;3;30;280;;339;3;8907;17;;115;43;485;327;18503
1914;26;1;114;60;8;3026;214;526;3333;6;25;;;35;11;13;1;52;324;;247;2;7846;13;;101;107;398;445;16934
1915;42;1;88;153;7;2701;172;544;3212;5;20;;;32;13;6;;77;319;;206;6;6803;19;;102;106;295;606;15535
1916;56;;56;315;5;2214;135;528;2127;5;18;;;24;12;11;;51;418;;159;9;4891;17;2;92;58;220;705;12128
1917;32;;75;282;12;1643;136;587;1441;10;28;;;24;12;3;2;62;338;;114;2;3357;8;;38;58;176;763;9203
1918;33;;79;188;9;1189;84;618;1085;6;16;;;17;6;1;;43;441;;145;5;2441;4;;13;150;140;850;7563
1919;52;;79;181;5;1060;139;412;1000;2;10;;;20;13;1;1;29;26;;143;3;1643;18;;12;31;202;931;6013
1920;46;6;96;290;4;1263;139;388;896;5;10;;;15;24;1;3;55;;;95;9;1814;16;;9;11;180;1244;6619
1921;44;2;82;247;3;991;101;377;723;10;25;;;12;13;13;2;84;1;;128;7;1580;34;;10;7;218;1441;6155
1922;53;1;68;203;11;902;78;314;709;18;17;;;31;9;29;2;44;15;;153;3;1389;48;;13;6;207;1115;5438
1923;44;2;64;174;11;753;85;257;626;20;19;;;34;8;11;1;49;6;;105;2;1072;23;;8;11;153;970;4508
1924;62;3;58;187;3;796;74;243;589;22;12;;;25;8;8;4;35;8;1;121;5;1122;54;;16;10;210;973;4649
1925;93;7;99;247;6;929;44;359;647;27;13;;;14;8;6;6;11;3;1;149;7;1279;51;;13;11;268;857;5155
1926;136;;129;284;7;978;75;266;801;22;10;;;17;8;30;5;23;3;1;229;;1312;41;;19;22;213;573;5204
1927;98;1;79;239;5;1024;58;348;824;25;7;1;;19;11;49;21;17;;;190;2;1315;56;;16;30;194;607;5236
1928;101;1;80;199;10;905;69;319;854;27;9;2;;31;8;115;19;21;3;1;174;;1294;37;;20;29;183;634;5145
1929;72;1;80;186;4;852;85;265;756;62;6;1;;22;8;242;276;40;2;1;172;4;1482;56;;19;18;111;614;5437
1930;73;4;66;203;6;786;103;237;708;77;13;1;;15;5;82;276;38;4;;247;3;1036;50;;7;28;86;569;4723
1931;71;1;60;233;8;808;140;215;798;91;12;3;;9;14;70;127;63;5;;218;6;935;75;3;17;27;84;570;4663
1932;82;2;78;256;6;719;145;386;737;109;13;4;;16;23;57;120;72;1;;209;6;829;84;;18;20;89;470;4551
1933;68;3;66;230;9;752;118;379;728;91;20;1;;18;19;70;158;54;6;;219;11;763;58;;16;31;53;445;4386
1934;75;3;98;234;15;762;116;278;752;100;21;1;;25;18;78;203;68;1;;266;8;888;58;;16;19;63;476;4642
1935;145;1;118;227;16;730;142;291;728;103;31;2;;29;19;107;201;72;7;;282;11;803;41;;21;17;113;458;4715
1936;117;;116;240;19;813;184;525;783;134;18;5;;39;22;142;184;67;5;;247;12;866;47;2;24;46;95;499;5251
1937;145;1;134;217;16;846;179;598;799;171;21;9;;44;8;232;193;61;5;1;303;8;943;54;12;27;125;98;513;5763
1938;127;;136;241;21;859;180;465;843;151;17;4;5;49;3;246;178;76;6;1;274;9;892;59;11;18;83;84;507;5545
1939;142;1;143;199;35;693;193;384;779;152;24;8;2;48;27;175;138;65;15;2;202;7;754;40;5;25;56;105;448;4867
1940;98;2;125;211;33;596;119;325;665;140;30;8;5;40;19;71;120;52;3;;195;9;654;28;;19;67;106;428;4168
1941;114;1;129;222;15;653;104;355;543;136;24;13;4;31;18;141;136;63;12;;194;7;792;32;;27;110;102;324;4302
1942;136;2;137;241;26;600;116;399;553;145;19;22;3;44;18;142;104;62;3;;178;7;766;38;;38;178;82;323;4382
1943;81;;96;203;18;513;70;393;502;103;20;9;;42;19;112;116;50;4;;146;4;697;25;;35;175;83;298;3814
1944;94;1;100;205;19;434;80;300;449;102;24;25;1;34;25;118;129;47;3;;154;8;676;17;;19;155;68;258;3545
1945;55;1;62;167;16;391;93;396;435;88;28;38;;32;19;126;119;59;5;;127;7;714;21;;30;109;72;248;3458
1946;92;;80;178;22;519;142;402;658;123;34;57;14;32;22;230;129;76;6;;155;7;739;41;2;30;73;90;300;4253
1947;119;1;111;171;22;608;157;414;798;139;39;65;14;33;8;386;108;66;14;;154;4;706;60;11;31;40;83;340;4702
1948;125;3;91;203;19;661;150;402;920;220;33;54;25;25;18;528;105;67;14;1;170;21;754;68;44;39;45;104;461;5370
1949;125;;116;243;35;985;199;410;1429;419;84;64;95;39;34;888;170;152;47;3;201;24;766;63;47;73;80;142;496;7429
1950;164;3;129;201;29;1290;304;517;1900;678;45;66;204;62;60;1110;197;307;15;3;205;76;785;59;109;78;60;242;529;9427
1951;160;1;188;199;40;1514;354;559;2428;725;62;51;209;118;85;1198;210;389;72;1;263;112;810;76;124;107;98;261;503;10917
1952;241;2;368;197;42;1685;486;632;2710;797;99;33;240;180;95;735;150;347;209;4;275;102;836;89;51;153;61;340;737;11896
1953;328;2;355;201;61;2099;462;692;2936;1021;104;31;312;247;54;695;139;250;212;18;306;164;900;63;102;141;83;287;715;12980
1954;248;;462;204;66;2407;537;715;3134;1086;142;28;279;266;74;750;146;282;280;13;350;179;900;60;100;144;55;281;750;13938
1955;245;6;596;219;101;2553;606;897;3792;1317;140;51;334;190;85;785;168;244;202;11;337;113;1071;59;132;149;82;496;772;15753
1956;268;;667;235;120;2619;655;776;4467;1436;60;48;313;145;269;1068;222;666;137;15;513;125;956;77;206;87;130;665;963;17908
1957;357;;960;253;111;2777;1088;987;4432;1633;87;40;508;171;279;1397;186;823;144;25;388;68;1085;79;355;161;215;810;892;20311
1958;521;;840;352;119;2929;1273;973;4255;1971;112;26;353;125;287;1430;197;708;196;23;413;100;1009;107;525;220;167;1036;1047;21314
1959;565;;854;549;123;2943;1670;995;4256;1927;192;;401;114;227;1470;220;666;189;12;347;118;967;65;435;310;122;1226;1133;22096
1960;511;3;743;1052;134;3392;1719;1119;4609;2420;217;;528;118;178;1200;250;619;179;33;448;110;1122;165;421;212;114;1170;1153;23939
1961;557;1;955;961;195;3650;1519;1332;4779;2362;207;;427;122;159;1034;221;636;111;37;480;113;1269;141;636;212;139;869;1294;24418
1962;476;1;724;702;365;3614;1145;1469;4162;2219;161;;370;188;186;1319;267;595;139;64;516;134;1219;150;1021;228;166;523;1371;23494
1963;552;1;682;921;202;3858;1336;1495;4763;2389;159;;718;235;184;1431;267;480;152;51;983;161;1387;148;639;155;242;407;1922;25920
1964;687;9;927;709;122;3762;1364;1539;5216;2331;252;;822;159;256;1727;312;517;194;28;1320;160;1447;163;700;207;263;333;1879;27405
1965;797;24;1131;1074;117;4430;1289;1432;6143;2902;282;;757;171;292;2495;250;346;415;39;1896;324;1391;162;852;196;340;466;2154;32167
1966;1082;21;1409;905;89;4232;1306;1486;6098;2837;590;;894;160;306;2600;276;185;567;46;1894;479;1461;261;898;258;307;571;2325;33543
1967;1055;13;1578;1173;194;4346;1262;1633;6104;2933;715;;1252;264;399;2254;342;325;535;275;1536;326;1668;151;1191;287;219;492;3326;35848
1968;802;33;1349;736;121;4109;1184;1574;5809;2772;799;;960;176;510;2014;256;289;506;32;1776;291;1502;205;1320;243;247;375;3502;33492
1969;838;26;1198;768;178;4683;1425;1734;6617;2494;803;;1006;265;510;2245;230;648;486;6;2371;226;1578;226;1630;179;225;363;4689;37647
1970;658;177;940;759;194;4843;1122;1800;7346;2690;790;;590;210;631;2506;331;346;489;25;2819;230;1525;342;1356;207;244;265;3997;37432
1971;763;277;888;893;195;4816;1239;1713;8875;2715;648;;592;152;348;1967;197;473;492;66;3894;198;1551;327;1313;298;200;240;4196;39526
1972;1027;196;1143;1189;218;5154;1647;1548;8739;2676;310;;660;248;341;1704;234;595;498;37;3652;187;1421;294;1303;306;194;257;4535;40313
1973;1149;228;1209;1359;201;5549;1767;1531;9643;2755;382;;1077;211;306;1613;254;661;476;29;4473;305;1407;296;1280;345;180;355;3563;42604
1974;1189;213;1166;1336;227;5515;1685;1533;9659;2932;862;;888;469;261;1730;184;843;649;43;3576;324;1420;351;1162;387;178;141;2868;41791
1975;983;308;1069;1260;209;5464;1645;1639;8528;2832;391;;1288;230;198;2251;152;403;799;24;3598;340;1541;468;1322;254;196;99;3251;40742
1976;1080;341;1117;1141;259;5462;1600;1735;8833;2922;749;;1221;310;211;1787;379;548;723;31;3463;280;1507;487;1254;216;150;101;3320;41227
1977;1101;287;1195;1184;340;5343;1219;1719;8771;2660;287;;1320;333;352;1601;177;562;786;13;3795;271;1361;365;1332;268;190;73;2959;39864
1978;1217;314;1151;1373;327;4655;1108;1771;8093;2697;263;;1458;422;195;1662;288;456;892;32;3296;382;1458;307;1307;300;217;69;4293;40003
1979;1261;285;1392;1717;254;4827;1031;1756;7643;2895;375;;1486;282;249;1472;224;526;915;44;3393;514;1507;412;1328;465;191;69;3883;40396
1980;1012;268;1206;1822;268;5125;1124;1901;8740;2940;305;;1410;329;362;1727;259;555;636;35;4603;552;1644;327;1397;352;195;44;3228;42366
1981;938;368;1084;1575;313;4835;882;1781;8716;2766;331;;1145;359;388;1391;212;480;323;37;4047;525;1442;333;1062;296;175;56;3073;38933
1982;970;298;1118;1503;314;5635;867;1787;10146;3078;426;;1025;323;392;1447;364;358;459;66;5033;469;1378;369;1311;350;190;67;3486;43229
1983;1508;416;1304;1949;461;5439;955;1975;9029;3385;787;;1690;346;617;1572;371;733;608;144;4109;446;1551;411;1060;233;245;23;3167;44534
1984;1500;601;1324;2051;330;5343;1035;1960;9067;3822;425;;2238;437;304;1817;241;438;661;264;4006;553;1763;529;1036;263;177;20;4393;46598
1985;2099;837;1891;2589;304;5415;1569;2279;10383;4530;771;;2302;489;329;1801;426;744;648;259;5306;381;1901;581;1145;282;220;30;3371;52882
1986;1937;810;1807;2555;317;6216;1578;2082;9775;4406;589;;1981;352;439;1715;431;666;711;262;4433;413;1946;590;1232;451;160;29;4185;52068
1987;2146;732;1738;2846;442;7179;1436;2129;11073;4318;740;;1979;564;466;1798;498;520;971;283;5491;638;1919;540;1475;510;189;19;3754;56393
1988;1728;755;1368;2184;303;6757;1745;2317;11033;4164;992;;2009;374;486;1723;611;667;885;306;5497;465;2078;604;1225;454;269;31;3607;54637
1989;1792;853;1794;2274;257;8103;1681;2401;11115;4792;911;;1976;506;572;1950;825;744;1152;353;4607;520;2381;621;1690;531;313;89;4164;58967
1990;1839;1002;1886;2584;306;7926;1873;2659;11673;4326;1001;;2338;475;474;1817;882;1080;1346;306;6165;613;2551;705;1552;516;275;98;5085;63353
1991;2089;1013;2290;3243;301;9824;1886;2717;12212;5453;1053;;2341;411;453;1915;1019;911;1119;342;5957;801;2381;708;1926;793;125;79;4820;68182
1992;1968;1438;2047;2922;306;9588;1775;3105;13364;5797;1454;;2105;488;380;2214;630;754;1314;282;6068;580;2531;832;2357;776;172;66;4267;69580
1993;2323;1703;2021;2778;355;10335;2116;3320;12852;5657;1083;;2517;393;348;2419;774;797;1337;424;5220;486;2684;862;2482;682;134;89;6321;72512
1994;2452;1690;2645;2776;568;11280;2493;3744;14590;5897;1117;;2651;660;345;2528;892;1042;1923;640;6619;671;2877;1003;3152;551;398;128;5238;80570
1995;3040;1705;3129;3217;510;13326;2794;3990;14561;6296;732;;3221;554;477;2752;680;1443;2865;793;7590;826;3216;1127;3884;891;290;144;7147;91200
1996;3209;1405;2456;3361;544;13527;3029;4511;16724;5361;837;;2532;596;544;2767;557;1436;2739;653;8531;966;3590;1283;4308;1235;125;104;7675;94605
1997;3248;1522;3230;3912;619;15398;3311;5081;18698;6221;1055;;2562;884;793;3057;662;1753;3381;594;8638;889;3839;1104;4520;914;114;54;7819;103872
1998;3714;1724;3069;4207;661;15969;3750;5839;20100;6725;1165;;3064;806;768;3048;558;1759;4360;790;9648;967;4535;1364;5323;947;192;65;9006;114123
1999;3806;1966;3007;4842;802;16545;3315;6859;23069;7050;1166;;3837;853;812;3402;363;1605;4761;675;11312;1166;5000;1461;5484;860;139;48;9149;123354
2000;4198;2399;3186;4559;894;16350;3509;7586;21906;6802;1406;;4301;861;1079;3400;340;2066;5052;1116;9154;1083;5624;1601;5557;976;142;44;9420;124611
2001;4696;2692;3451;5446;978;17844;3926;9001;24360;7479;2027;;4500;885;988;3614;327;1765;5888;1801;9830;1242;6452;1978;6519;1007;247;117;10225;139285
2002;4636;3302;3534;5975;827;19087;4733;9987;25325;7570;1672;;3877;1057;1041;4050;618;1763;5500;2368;9918;978;7653;2529;7923;1140;235;96;9695;147089
2003;4996;4375;3981;6273;820;21439;4685;12132;28898;8129;1941;;4533;1295;1279;5234;1153;2297;5898;3568;12172;1000;9140;2190;9567;1192;263;89;6622;165161
2004;5311;5554;4308;6334;1015;23796;4904;14454;28863;8654;2176;;4851;1530;1938;6580;636;2268;7253;5464;14293;1083;11540;2555;11907;1384;378;164;8276;187469
2005;6121;6473;4878;7422;1210;26031;5425;16276;34333;9245;3013;;4275;1610;1622;7307;655;3387;8811;6610;16179;1483;14068;3046;14371;2064;389;133;7577;214014
2006;6245;7063;5367;9018;1389;31281;5643;17841;39229;9866;3473;;5835;2092;1994;7415;991;3308;9015;8788;17866;1140;15364;4302;16129;2077;412;135;7286;240564
2007;6079;7666;5113;8566;1316;33574;6709;19541;44433;10592;2961;;5921;2435;2147;7990;710;3389;11373;11485;17929;1444;17308;4172;17755;2018;541;141;7365;260673
2008;6605;8157;5238;8560;1577;35502;6678;20025;46289;10971;3150;;6957;2631;2389;8716;781;3466;10761;13153;17742;1692;20982;4026;17167;2564;649;175;8792;275395
2009;7947;7384;6193;9307;3019;38684;7308;21398;48067;10762;3655;;6595;2835;3208;8908;1122;3711;11329;13837;18635;2319;24927;4457;17960;2654;629;129;7750;294729
2010;8578;8331;6334;10091;3660;42710;8107;23595;51383;12544;5000;;6599;3275;4133;9623;1556;4471;15264;16805;18151;2866;28671;5039;22201;3005;558;164;8615;331329
2011;9926;7717;6791;11102;3767;51388;9859;25938;55815;12740;5372;;6652;3649;5094;10876;1556;5345;19211;20588;18581;3263;34399;5316;29414;3917;693;210;8880;378059
2012;10594;8352;7143;11422;4227;59101;9641;28513;59952;13452;5700;;7184;4185;5692;11327;1490;5496;25849;22084;17789;4038;39734;6011;32913;4961;564;229;9377;417020
2013;11068;9933;7607;11536;4867;64479;9917;29473;60815;14145;6417;;6403;4590;6194;12477;1911;5558;28511;21359;19202;4407;43675;5865;37494;4795;654;210;9768;443330
2014;11600;10227;7945;12659;4994;67857;10033;29690;65199;14288;6218;;7156;5009;6587;12269;2061;5861;27712;21737;21993;4575;47507;5873;38458;5399;1018;316;10113;464354
2015;11344;11247;8260;13024;4124;69201;10939;30305;64576;13950;6067;;7677;4700;6930;11210;1753;5448;27030;22003;19909;4503;49175;6247;41609;5626;623;286;10742;468508
2016;11113;10950;9305;14066;3344;71625;12022;30057;64903;12859;6414;;7513;4086;7439;10841;1674;5441;27955;21492;18073;5025;53307;7492;44871;6554;742;260;11307;480730
2017;12024;10290;8858;13225;3445;68103;13199;28710;69529;13143;6366;;6943;4400;7898;10893;1728;6300;28503;20807;17595;5499;53665;9143;42942;6897;653;368;15506;486632
2018;10869;8798;7792;11478;3031;56600;10992;24293;61823;10316;5580;;6425;3751;7697;8458;1255;5092;20389;16708;14196;5028;49062;6996;29801;6870;534;341;33739;427914
\N;17605;989;14024;23841;4390;52679;22796;25631;93619;20392;8762;;6448;5413;9752;4698;1565;6806;30245;15880;24789;7863;16567;5457;9963;12453;1654;774;48103;493158
